renderer=render_floats_sse_threads_no-acel
bench_kind=render
frames=240
warmup=40
scene_center_x=-0.743643880
scene_center_y=0.131825909
scene_zoom=180.000
mean_ticks=43209650
min_ticks=36994516
max_ticks=49637960
mean_ns=11721231
min_ns=10035366
max_ns=13465133
mean_ms=11.721231
fps=85.315273
maxrss_kb=20416
minor_faults=8049
major_faults=0
voluntary_ctx_switches=1740
involuntary_ctx_switches=3154
user_cpu_s=33.168172
sys_cpu_s=0.305515
checksum=c17180012282322c
