renderer=render_floats_no-sse_no-threads_no-acel
bench_kind=render
frames=240
warmup=40
scene_center_x=-0.743643880
scene_center_y=0.131825909
scene_zoom=180.000
mean_ticks=365458718
min_ticks=360749608
max_ticks=372601724
mean_ns=99137185
min_ns=97859851
max_ns=101074932
mean_ms=99.137185
fps=10.087032
maxrss_kb=20416
minor_faults=1319
major_faults=0
voluntary_ctx_switches=0
involuntary_ctx_switches=432
user_cpu_s=27.699655
sys_cpu_s=0.001998
checksum=8bbfe499113a182f
