renderer=render_floats_sse_threads_no-acel
bench_kind=render
frames=240
warmup=40
scene_center_x=-0.743643880
scene_center_y=0.131825909
scene_zoom=180.000
mean_ticks=38967777
min_ticks=34472008
max_ticks=43753604
mean_ns=10570477
min_ns=9351055
max_ns=11868873
mean_ms=10.570477
fps=94.603109
maxrss_kb=20416
minor_faults=8049
major_faults=0
voluntary_ctx_switches=1602
involuntary_ctx_switches=2297
user_cpu_s=24.374625
sys_cpu_s=0.404246
checksum=c17180012282322c
