renderer=render_floats_arrays_no-threads_no-acel
bench_kind=render
frames=240
warmup=40
scene_center_x=-0.743643880
scene_center_y=0.131825909
scene_zoom=180.000
mean_ticks=397626081
min_ticks=394847562
max_ticks=435161258
mean_ns=107863196
min_ns=107109530
max_ns=118045332
mean_ms=107.863196
fps=9.271003
maxrss_kb=20416
minor_faults=1319
major_faults=0
voluntary_ctx_switches=0
involuntary_ctx_switches=428
user_cpu_s=30.157092
sys_cpu_s=0.003997
checksum=3409aab5468ab733
