renderer=render_floats_sse_threads_no-acel
bench_kind=render
frames=240
warmup=40
scene_center_x=-0.743643880
scene_center_y=0.131825909
scene_zoom=180.000
mean_ticks=38950525
min_ticks=35019938
max_ticks=43394340
mean_ns=10565832
min_ns=9499592
max_ns=11771295
mean_ms=10.565832
fps=94.644700
maxrss_kb=20416
minor_faults=8049
major_faults=0
voluntary_ctx_switches=1562
involuntary_ctx_switches=2361
user_cpu_s=24.112717
sys_cpu_s=0.425684
checksum=c17180012282322c
