renderer=render_floats_sse_threads_no-acel
bench_kind=render
frames=240
warmup=40
scene_center_x=-0.743643880
scene_center_y=0.131825909
scene_zoom=180.000
mean_ticks=43422019
min_ticks=38019246
max_ticks=52084966
mean_ns=11778843
min_ns=10313350
max_ns=14128916
mean_ms=11.778843
fps=84.897984
maxrss_kb=20416
minor_faults=8049
major_faults=0
voluntary_ctx_switches=1829
involuntary_ctx_switches=3247
user_cpu_s=33.625609
sys_cpu_s=0.307162
checksum=c17180012282322c
