renderer=render_floats_sse_no-threads_no-acel
bench_kind=render
frames=240
warmup=40
scene_center_x=-0.743643880
scene_center_y=0.131825909
scene_zoom=180.000
mean_ticks=181462435
min_ticks=180460994
max_ticks=188469310
mean_ns=49224855
min_ns=48953283
max_ns=51125693
mean_ms=49.224855
fps=20.314940
maxrss_kb=20416
minor_faults=1319
major_faults=0
voluntary_ctx_switches=0
involuntary_ctx_switches=311
user_cpu_s=13.766663
sys_cpu_s=0.000999
checksum=c17180012282322c
