renderer=render_floats_arrays_no-threads_no-acel
bench_kind=render
frames=240
warmup=40
scene_center_x=-0.743643880
scene_center_y=0.131825909
scene_zoom=180.000
mean_ticks=395691470
min_ticks=394788864
max_ticks=419275412
mean_ns=107338382
min_ns=107093592
max_ns=113736037
mean_ms=107.338382
fps=9.316332
maxrss_kb=20416
minor_faults=1319
major_faults=0
voluntary_ctx_switches=0
involuntary_ctx_switches=438
user_cpu_s=30.042109
sys_cpu_s=0.002998
checksum=3409aab5468ab733
