renderer=render_floats_sse_threads_no-acel
bench_kind=render
frames=240
warmup=40
scene_center_x=-0.743643880
scene_center_y=0.131825909
scene_zoom=180.000
mean_ticks=43051074
min_ticks=36841178
max_ticks=69058542
mean_ns=11678214
min_ns=9993769
max_ns=18733318
mean_ms=11.678214
fps=85.629534
maxrss_kb=20416
minor_faults=8049
major_faults=0
voluntary_ctx_switches=1800
involuntary_ctx_switches=3345
user_cpu_s=33.363264
sys_cpu_s=0.316589
checksum=c17180012282322c
