renderer=render_floats_no-sse_no-threads_no-acel
bench_kind=render
frames=240
warmup=40
scene_center_x=-0.743643880
scene_center_y=0.131825909
scene_zoom=180.000
mean_ticks=370070513
min_ticks=364233028
max_ticks=378558166
mean_ns=100388211
min_ns=98804782
max_ns=102690736
mean_ms=100.388211
fps=9.961329
maxrss_kb=20416
minor_faults=1319
major_faults=0
voluntary_ctx_switches=0
involuntary_ctx_switches=437
user_cpu_s=28.083014
sys_cpu_s=0.002998
checksum=8bbfe499113a182f
