renderer=render_floats_sse_threads_no-acel
bench_kind=render
frames=240
warmup=40
scene_center_x=-0.743643880
scene_center_y=0.131825909
scene_zoom=180.000
mean_ticks=43378910
min_ticks=37984380
max_ticks=66900022
mean_ns=11767155
min_ns=10303881
max_ns=18147755
mean_ms=11.767155
fps=84.982309
maxrss_kb=20416
minor_faults=8049
major_faults=0
voluntary_ctx_switches=1775
involuntary_ctx_switches=3114
user_cpu_s=33.204594
sys_cpu_s=0.347665
checksum=c17180012282322c
