renderer=render_floats_arrays_no-threads_no-acel
bench_kind=render
frames=240
warmup=40
scene_center_x=-0.743643880
scene_center_y=0.131825909
scene_zoom=180.000
mean_ticks=209220142
min_ticks=209012660
max_ticks=219708950
mean_ns=56754612
min_ns=56698440
max_ns=59600008
mean_ms=56.754612
fps=17.619713
maxrss_kb=20416
minor_faults=1319
major_faults=0
voluntary_ctx_switches=0
involuntary_ctx_switches=237
user_cpu_s=15.878063
sys_cpu_s=0.002998
checksum=3409aab5468ab733
