renderer=render_floats_sse_threads_no-acel
bench_kind=render
frames=240
warmup=40
scene_center_x=-0.743643880
scene_center_y=0.131825909
scene_zoom=180.000
mean_ticks=38951445
min_ticks=34767300
max_ticks=44733074
mean_ns=10566041
min_ns=9431151
max_ns=12134591
mean_ms=10.566041
fps=94.642829
maxrss_kb=20416
minor_faults=8049
major_faults=0
voluntary_ctx_switches=1565
involuntary_ctx_switches=2381
user_cpu_s=24.205897
sys_cpu_s=0.375391
checksum=c17180012282322c
