renderer=render_floats_sse_no-threads_no-acel
bench_kind=render
frames=240
warmup=40
scene_center_x=-0.743643880
scene_center_y=0.131825909
scene_zoom=180.000
mean_ticks=370492773
min_ticks=369284774
max_ticks=382208668
mean_ns=100502759
min_ns=100175156
max_ns=103681000
mean_ms=100.502759
fps=9.949976
maxrss_kb=20416
minor_faults=1319
major_faults=0
voluntary_ctx_switches=0
involuntary_ctx_switches=406
user_cpu_s=28.129276
sys_cpu_s=0.002998
checksum=c17180012282322c
