renderer=render_floats_no-sse_no-threads_no-acel
bench_kind=render
frames=240
warmup=40
scene_center_x=-0.743643880
scene_center_y=0.131825909
scene_zoom=180.000
mean_ticks=363671292
min_ticks=360804256
max_ticks=385766042
mean_ns=98652309
min_ns=97874666
max_ns=104645999
mean_ms=98.652309
fps=10.136610
maxrss_kb=20416
minor_faults=1319
major_faults=0
voluntary_ctx_switches=0
involuntary_ctx_switches=408
user_cpu_s=27.659481
sys_cpu_s=0.002988
checksum=8bbfe499113a182f
