renderer=render_floats_sse_no-threads_no-acel
bench_kind=render
frames=240
warmup=40
scene_center_x=-0.743643880
scene_center_y=0.131825909
scene_zoom=180.000
mean_ticks=178323350
min_ticks=177942398
max_ticks=187295166
mean_ns=48373354
min_ns=48270076
max_ns=50807172
mean_ms=48.373354
fps=20.672538
maxrss_kb=20416
minor_faults=1319
major_faults=0
voluntary_ctx_switches=0
involuntary_ctx_switches=188
user_cpu_s=13.533660
sys_cpu_s=0.003976
checksum=c17180012282322c
