renderer=render_floats_arrays_no-threads_no-acel
bench_kind=render
frames=240
warmup=40
scene_center_x=-0.743643880
scene_center_y=0.131825909
scene_zoom=180.000
mean_ticks=209413726
min_ticks=209013984
max_ticks=216735634
mean_ns=56807163
min_ns=56698802
max_ns=58793434
mean_ms=56.807163
fps=17.603414
maxrss_kb=20416
minor_faults=1319
major_faults=0
voluntary_ctx_switches=0
involuntary_ctx_switches=261
user_cpu_s=15.908388
sys_cpu_s=0.001999
checksum=3409aab5468ab733
