renderer=render_floats_sse_threads_no-acel
bench_kind=render
frames=240
warmup=40
scene_center_x=-0.743643880
scene_center_y=0.131825909
scene_zoom=180.000
mean_ticks=39254675
min_ticks=35177404
max_ticks=68451674
mean_ns=10648315
min_ns=9542388
max_ns=18568560
mean_ms=10.648315
fps=93.911574
maxrss_kb=20416
minor_faults=8049
major_faults=0
voluntary_ctx_switches=1565
involuntary_ctx_switches=2506
user_cpu_s=24.492767
sys_cpu_s=0.380003
checksum=c17180012282322c
