renderer=render_floats_sse_no-threads_no-acel
bench_kind=render
frames=240
warmup=40
scene_center_x=-0.743643880
scene_center_y=0.131825909
scene_zoom=180.000
mean_ticks=178630584
min_ticks=178118980
max_ticks=191891026
mean_ns=48456651
min_ns=48317979
max_ns=52053888
mean_ms=48.456651
fps=20.637002
maxrss_kb=20416
minor_faults=1319
major_faults=0
voluntary_ctx_switches=0
involuntary_ctx_switches=200
user_cpu_s=13.555355
sys_cpu_s=0.000999
checksum=c17180012282322c
