renderer=render_floats_sse_threads_no-acel
bench_kind=render
frames=240
warmup=40
scene_center_x=-0.743643880
scene_center_y=0.131825909
scene_zoom=180.000
mean_ticks=39160788
min_ticks=35054324
max_ticks=119869184
mean_ns=10622841
min_ns=9508956
max_ns=32516586
mean_ms=10.622841
fps=94.136779
maxrss_kb=20416
minor_faults=8049
major_faults=0
voluntary_ctx_switches=1606
involuntary_ctx_switches=2388
user_cpu_s=24.459688
sys_cpu_s=0.394249
checksum=c17180012282322c
