renderer=render_floats_arrays_no-threads_no-acel
bench_kind=render
frames=240
warmup=40
scene_center_x=-0.743643880
scene_center_y=0.131825909
scene_zoom=180.000
mean_ticks=398224180
min_ticks=394525106
max_ticks=442521420
mean_ns=108025424
min_ns=107022057
max_ns=120041929
mean_ms=108.025424
fps=9.257080
maxrss_kb=20416
minor_faults=1319
major_faults=0
voluntary_ctx_switches=0
involuntary_ctx_switches=524
user_cpu_s=30.192534
sys_cpu_s=0.002998
checksum=3409aab5468ab733
