renderer=render_floats_sse_threads_no-acel
bench_kind=render
frames=240
warmup=40
scene_center_x=-0.743643880
scene_center_y=0.131825909
scene_zoom=180.000
mean_ticks=43121321
min_ticks=37158236
max_ticks=87983103
mean_ns=11697272
min_ns=10079779
max_ns=23866953
mean_ms=11.697272
fps=85.490020
maxrss_kb=20416
minor_faults=8051
major_faults=0
voluntary_ctx_switches=1768
involuntary_ctx_switches=3255
user_cpu_s=33.310701
sys_cpu_s=0.362544
checksum=c17180012282322c
