renderer=render_floats_sse_no-threads_no-acel
bench_kind=render
frames=240
warmup=40
scene_center_x=-0.743643880
scene_center_y=0.131825909
scene_zoom=180.000
mean_ticks=372590585
min_ticks=369214402
max_ticks=402304308
mean_ns=101071820
min_ns=100156077
max_ns=109132300
mean_ms=101.071820
fps=9.893955
maxrss_kb=20416
minor_faults=1319
major_faults=0
voluntary_ctx_switches=0
involuntary_ctx_switches=390
user_cpu_s=28.243617
sys_cpu_s=0.000000
checksum=c17180012282322c
