renderer=render_floats_sse_threads_no-acel
bench_kind=render
frames=240
warmup=40
scene_center_x=-0.743643880
scene_center_y=0.131825909
scene_zoom=180.000
mean_ticks=38876768
min_ticks=35281267
max_ticks=44839642
mean_ns=10545842
min_ns=9570535
max_ns=12163470
mean_ms=10.545842
fps=94.824099
maxrss_kb=20416
minor_faults=8049
major_faults=0
voluntary_ctx_switches=1646
involuntary_ctx_switches=2261
user_cpu_s=24.213273
sys_cpu_s=0.376418
checksum=c17180012282322c
