renderer=render_floats_no-sse_no-threads_no-acel
bench_kind=render
frames=240
warmup=40
scene_center_x=-0.743643880
scene_center_y=0.131825909
scene_zoom=180.000
mean_ticks=364996128
min_ticks=359618506
max_ticks=384183564
mean_ns=99011695
min_ns=97553021
max_ns=104216725
mean_ms=99.011695
fps=10.099817
maxrss_kb=20416
minor_faults=1319
major_faults=0
voluntary_ctx_switches=0
involuntary_ctx_switches=451
user_cpu_s=27.798913
sys_cpu_s=0.002995
checksum=8bbfe499113a182f
