renderer=render_floats_sse_no-threads_no-acel
bench_kind=render
frames=240
warmup=40
scene_center_x=-0.743643880
scene_center_y=0.131825909
scene_zoom=180.000
mean_ticks=178124140
min_ticks=177830050
max_ticks=179722450
mean_ns=48319287
min_ns=48239598
max_ns=48752939
mean_ms=48.319287
fps=20.695670
maxrss_kb=20416
minor_faults=1319
major_faults=0
voluntary_ctx_switches=0
involuntary_ctx_switches=198
user_cpu_s=13.527832
sys_cpu_s=0.001999
checksum=c17180012282322c
