renderer=render_floats_no-sse_no-threads_no-acel
bench_kind=render
frames=240
warmup=40
scene_center_x=-0.743643880
scene_center_y=0.131825909
scene_zoom=180.000
mean_ticks=375131599
min_ticks=369026924
max_ticks=399546748
mean_ns=101761132
min_ns=100105211
max_ns=108384255
mean_ms=101.761132
fps=9.826935
maxrss_kb=20416
minor_faults=1319
major_faults=0
voluntary_ctx_switches=0
involuntary_ctx_switches=396
user_cpu_s=28.446151
sys_cpu_s=0.003997
checksum=8bbfe499113a182f
