renderer=render_floats_sse_no-threads_no-acel
bench_kind=render
frames=240
warmup=40
scene_center_x=-0.743643880
scene_center_y=0.131825909
scene_zoom=180.000
mean_ticks=180822442
min_ticks=180226690
max_ticks=182714092
mean_ns=49051258
min_ns=48889733
max_ns=49564478
mean_ms=49.051258
fps=20.386837
maxrss_kb=20416
minor_faults=1319
major_faults=0
voluntary_ctx_switches=0
involuntary_ctx_switches=223
user_cpu_s=13.729399
sys_cpu_s=0.002998
checksum=c17180012282322c
