renderer=render_floats_arrays_no-threads_no-acel
bench_kind=render
frames=240
warmup=40
scene_center_x=-0.743643880
scene_center_y=0.131825909
scene_zoom=180.000
mean_ticks=209272924
min_ticks=209015732
max_ticks=211148722
mean_ns=56768936
min_ns=56699278
max_ns=57277869
mean_ms=56.768936
fps=17.615267
maxrss_kb=20416
minor_faults=1319
major_faults=0
voluntary_ctx_switches=0
involuntary_ctx_switches=258
user_cpu_s=15.878825
sys_cpu_s=0.001999
checksum=3409aab5468ab733
