renderer=render_floats_no-sse_no-threads_no-acel
bench_kind=render
frames=240
warmup=40
scene_center_x=-0.743643880
scene_center_y=0.131825909
scene_zoom=180.000
mean_ticks=370571700
min_ticks=358642732
max_ticks=377586782
mean_ns=100524159
min_ns=97288313
max_ns=102427236
mean_ms=100.524159
fps=9.947857
maxrss_kb=20416
minor_faults=1319
major_faults=0
voluntary_ctx_switches=0
involuntary_ctx_switches=452
user_cpu_s=28.024162
sys_cpu_s=0.004995
checksum=8bbfe499113a182f
