renderer=render_floats_arrays_no-threads_no-acel
bench_kind=render
frames=240
warmup=40
scene_center_x=-0.743643880
scene_center_y=0.131825909
scene_zoom=180.000
mean_ticks=1892859575
min_ticks=1854334242
max_ticks=2053218020
mean_ns=513472408
min_ns=503021792
max_ns=556972543
mean_ms=513.472408
fps=1.947524
maxrss_kb=20160
minor_faults=1319
major_faults=0
voluntary_ctx_switches=0
involuntary_ctx_switches=3186
user_cpu_s=143.132893
sys_cpu_s=0.003989
checksum=3409aab5468ab733
