renderer=render_floats_arrays_no-threads_no-acel
bench_kind=render
frames=240
warmup=40
scene_center_x=-0.743643880
scene_center_y=0.131825909
scene_zoom=180.000
mean_ticks=1795795630
min_ticks=1787659180
max_ticks=1868198612
mean_ns=487141999
min_ns=484934965
max_ns=506782743
mean_ms=487.141999
fps=2.052790
maxrss_kb=20416
minor_faults=1319
major_faults=0
voluntary_ctx_switches=0
involuntary_ctx_switches=2167
user_cpu_s=135.964288
sys_cpu_s=0.004985
checksum=3409aab5468ab733
