renderer=render_floats_no-sse_no-threads_no-acel
bench_kind=render
frames=240
warmup=40
scene_center_x=-0.743643880
scene_center_y=0.131825909
scene_zoom=180.000
mean_ticks=394385943
min_ticks=386857128
max_ticks=460641390
mean_ns=106984233
min_ns=104941980
max_ns=124957311
mean_ms=106.984233
fps=9.347172
maxrss_kb=20160
minor_faults=1319
major_faults=0
voluntary_ctx_switches=0
involuntary_ctx_switches=1233
user_cpu_s=29.882111
sys_cpu_s=0.000999
checksum=8bbfe499113a182f
