renderer=render_floats_arrays_no-threads_no-acel
bench_kind=render
frames=240
warmup=40
scene_center_x=-0.743643880
scene_center_y=0.131825909
scene_zoom=180.000
mean_ticks=396398614
min_ticks=394839776
max_ticks=413648442
mean_ns=107530210
min_ns=107107417
max_ns=112209620
mean_ms=107.530210
fps=9.299712
maxrss_kb=20416
minor_faults=1319
major_faults=0
voluntary_ctx_switches=0
involuntary_ctx_switches=454
user_cpu_s=30.078999
sys_cpu_s=0.001995
checksum=3409aab5468ab733
