renderer=render_floats_sse_no-threads_no-acel
bench_kind=render
frames=240
warmup=40
scene_center_x=-0.743643880
scene_center_y=0.131825909
scene_zoom=180.000
mean_ticks=178184194
min_ticks=177562114
max_ticks=183691418
mean_ns=48335602
min_ns=48166910
max_ns=49829459
mean_ms=48.335602
fps=20.688684
maxrss_kb=20416
minor_faults=1319
major_faults=0
voluntary_ctx_switches=0
involuntary_ctx_switches=215
user_cpu_s=13.529495
sys_cpu_s=0.001995
checksum=c17180012282322c
