renderer=render_floats_arrays_no-threads_no-acel
bench_kind=render
frames=240
warmup=40
scene_center_x=-0.743643880
scene_center_y=0.131825909
scene_zoom=180.000
mean_ticks=209139083
min_ticks=208992282
max_ticks=210121142
mean_ns=56732627
min_ns=56692916
max_ns=56999130
mean_ms=56.732627
fps=17.626541
maxrss_kb=20416
minor_faults=1319
major_faults=0
voluntary_ctx_switches=0
involuntary_ctx_switches=236
user_cpu_s=15.869259
sys_cpu_s=0.005989
checksum=3409aab5468ab733
