renderer=render_floats_sse_no-threads_no-acel
bench_kind=render
frames=240
warmup=40
scene_center_x=-0.743643880
scene_center_y=0.131825909
scene_zoom=180.000
mean_ticks=183010601
min_ticks=180947218
max_ticks=201348018
mean_ns=49644820
min_ns=49085178
max_ns=54619265
mean_ms=49.644820
fps=20.143088
maxrss_kb=20416
minor_faults=1319
major_faults=0
voluntary_ctx_switches=0
involuntary_ctx_switches=247
user_cpu_s=13.886965
sys_cpu_s=0.002995
checksum=c17180012282322c
