renderer=render_floats_sse_no-threads_no-acel
bench_kind=render
frames=240
warmup=40
scene_center_x=-0.743643880
scene_center_y=0.131825909
scene_zoom=180.000
mean_ticks=369373063
min_ticks=368261256
max_ticks=377327020
mean_ns=100199017
min_ns=99897514
max_ns=102356767
mean_ms=100.199017
fps=9.980138
maxrss_kb=20416
minor_faults=1319
major_faults=0
voluntary_ctx_switches=0
involuntary_ctx_switches=431
user_cpu_s=28.036490
sys_cpu_s=0.002994
checksum=c17180012282322c
