renderer=render_floats_sse_no-threads_no-acel
bench_kind=render
frames=240
warmup=40
scene_center_x=-0.743643880
scene_center_y=0.131825909
scene_zoom=180.000
mean_ticks=182274264
min_ticks=180937398
max_ticks=188207404
mean_ns=49445074
min_ns=49082525
max_ns=51054615
mean_ms=49.445074
fps=20.224461
maxrss_kb=20416
minor_faults=1319
major_faults=0
voluntary_ctx_switches=0
involuntary_ctx_switches=205
user_cpu_s=13.845286
sys_cpu_s=0.000000
checksum=c17180012282322c
