renderer=render_floats_sse_threads_no-acel
bench_kind=render
frames=240
warmup=40
scene_center_x=-0.743643880
scene_center_y=0.131825909
scene_zoom=180.000
mean_ticks=39483004
min_ticks=29014014
max_ticks=53661122
mean_ns=10710288
min_ns=7870049
max_ns=14556445
mean_ms=10.710288
fps=93.368170
maxrss_kb=20416
minor_faults=8051
major_faults=0
voluntary_ctx_switches=1553
involuntary_ctx_switches=2651
user_cpu_s=24.652435
sys_cpu_s=0.376976
checksum=c17180012282322c
