renderer=render_floats_arrays_no-threads_no-acel
bench_kind=render
frames=240
warmup=40
scene_center_x=-0.743643880
scene_center_y=0.131825909
scene_zoom=180.000
mean_ticks=1795882863
min_ticks=1788113360
max_ticks=1879188200
mean_ns=487165685
min_ns=485058170
max_ns=509763875
mean_ms=487.165685
fps=2.052690
maxrss_kb=20416
minor_faults=1319
major_faults=0
voluntary_ctx_switches=0
involuntary_ctx_switches=2148
user_cpu_s=135.968558
sys_cpu_s=0.002987
checksum=3409aab5468ab733
