renderer=render_floats_arrays_no-threads_no-acel
bench_kind=render
frames=240
warmup=40
scene_center_x=-0.743643880
scene_center_y=0.131825909
scene_zoom=180.000
mean_ticks=1882222296
min_ticks=1836599992
max_ticks=2074220990
mean_ns=510586852
min_ns=498211047
max_ns=562670054
mean_ms=510.586852
fps=1.958531
maxrss_kb=20288
minor_faults=1319
major_faults=0
voluntary_ctx_switches=0
involuntary_ctx_switches=3478
user_cpu_s=142.573224
sys_cpu_s=0.003978
checksum=3409aab5468ab733
