renderer=render_floats_no-sse_no-threads_no-acel
bench_kind=render
frames=240
warmup=40
scene_center_x=-0.743643880
scene_center_y=0.131825909
scene_zoom=180.000
mean_ticks=393992036
min_ticks=386903638
max_ticks=420700598
mean_ns=106877380
min_ns=104954596
max_ns=114122634
mean_ms=106.877380
fps=9.356517
maxrss_kb=20160
minor_faults=1319
major_faults=0
voluntary_ctx_switches=0
involuntary_ctx_switches=751
user_cpu_s=29.903347
sys_cpu_s=0.002998
checksum=8bbfe499113a182f
