renderer=render_floats_sse_no-threads_no-acel
bench_kind=render
frames=240
warmup=40
scene_center_x=-0.743643880
scene_center_y=0.131825909
scene_zoom=180.000
mean_ticks=370320526
min_ticks=367637584
max_ticks=403854036
mean_ns=100456037
min_ns=99728330
max_ns=109552566
mean_ms=100.456037
fps=9.954603
maxrss_kb=20416
minor_faults=1319
major_faults=0
voluntary_ctx_switches=0
involuntary_ctx_switches=402
user_cpu_s=28.087516
sys_cpu_s=0.002995
checksum=c17180012282322c
