renderer=render_floats_sse_threads_no-acel
bench_kind=render
frames=240
warmup=40
scene_center_x=-0.743643880
scene_center_y=0.131825909
scene_zoom=180.000
mean_ticks=39181545
min_ticks=35158120
max_ticks=113091610
mean_ns=10628450
min_ns=9537128
max_ns=30678026
mean_ms=10.628450
fps=94.087099
maxrss_kb=20416
minor_faults=8049
major_faults=0
voluntary_ctx_switches=1611
involuntary_ctx_switches=2437
user_cpu_s=24.229091
sys_cpu_s=0.408789
checksum=c17180012282322c
