renderer=render_floats_no-sse_no-threads_no-acel
bench_kind=render
frames=240
warmup=40
scene_center_x=-0.743643880
scene_center_y=0.131825909
scene_zoom=180.000
mean_ticks=395039546
min_ticks=386957100
max_ticks=437817312
mean_ns=107161548
min_ns=104969099
max_ns=118765851
mean_ms=107.161548
fps=9.331705
maxrss_kb=20160
minor_faults=1319
major_faults=0
voluntary_ctx_switches=0
involuntary_ctx_switches=570
user_cpu_s=29.912527
sys_cpu_s=0.002998
checksum=8bbfe499113a182f
