renderer=render_floats_no-sse_no-threads_no-acel
bench_kind=render
frames=240
warmup=40
scene_center_x=-0.743643880
scene_center_y=0.131825909
scene_zoom=180.000
mean_ticks=374618745
min_ticks=361122108
max_ticks=403806090
mean_ns=101622029
min_ns=97960886
max_ns=109539695
mean_ms=101.622029
fps=9.840386
maxrss_kb=20416
minor_faults=1319
major_faults=0
voluntary_ctx_switches=0
involuntary_ctx_switches=481
user_cpu_s=28.413267
sys_cpu_s=0.002999
checksum=8bbfe499113a182f
