renderer=render_floats_sse_no-threads_no-acel
bench_kind=render
frames=240
warmup=40
scene_center_x=-0.743643880
scene_center_y=0.131825909
scene_zoom=180.000
mean_ticks=374912243
min_ticks=371586564
max_ticks=398725532
mean_ns=101701632
min_ns=100799560
max_ns=108161496
mean_ms=101.701632
fps=9.832684
maxrss_kb=20416
minor_faults=1319
major_faults=0
voluntary_ctx_switches=0
involuntary_ctx_switches=687
user_cpu_s=28.480775
sys_cpu_s=0.000999
checksum=c17180012282322c
