renderer=render_floats_sse_threads_no-acel
bench_kind=render
frames=240
warmup=40
scene_center_x=-0.743643880
scene_center_y=0.131825909
scene_zoom=180.000
mean_ticks=38876454
min_ticks=35304462
max_ticks=41793110
mean_ns=10545710
min_ns=9576861
max_ns=11336980
mean_ms=10.545710
fps=94.825291
maxrss_kb=20416
minor_faults=8049
major_faults=0
voluntary_ctx_switches=1590
involuntary_ctx_switches=2295
user_cpu_s=24.191856
sys_cpu_s=0.378247
checksum=c17180012282322c
