renderer=render_floats_no-sse_no-threads_no-acel
bench_kind=render
frames=240
warmup=40
scene_center_x=-0.743643880
scene_center_y=0.131825909
scene_zoom=180.000
mean_ticks=366925204
min_ticks=362599296
max_ticks=372677258
mean_ns=99534995
min_ns=98361601
max_ns=101095441
mean_ms=99.534995
fps=10.046718
maxrss_kb=20416
minor_faults=1319
major_faults=0
voluntary_ctx_switches=0
involuntary_ctx_switches=392
user_cpu_s=27.853573
sys_cpu_s=0.000999
checksum=8bbfe499113a182f
