renderer=render_floats_arrays_no-threads_no-acel
bench_kind=render
frames=240
warmup=40
scene_center_x=-0.743643880
scene_center_y=0.131825909
scene_zoom=180.000
mean_ticks=1817861272
min_ticks=1792944452
max_ticks=1959664798
mean_ns=493127769
min_ns=486368691
max_ns=531594610
mean_ms=493.127769
fps=2.027872
maxrss_kb=20416
minor_faults=1319
major_faults=0
voluntary_ctx_switches=0
involuntary_ctx_switches=3004
user_cpu_s=138.802050
sys_cpu_s=0.003974
checksum=3409aab5468ab733
