renderer=render_floats_no-sse_no-threads_no-acel
bench_kind=render
frames=240
warmup=40
scene_center_x=-0.743643880
scene_center_y=0.131825909
scene_zoom=180.000
mean_ticks=369523498
min_ticks=363541344
max_ticks=379797150
mean_ns=100239834
min_ns=98617160
max_ns=103026831
mean_ms=100.239834
fps=9.976074
maxrss_kb=20416
minor_faults=1319
major_faults=0
voluntary_ctx_switches=0
involuntary_ctx_switches=445
user_cpu_s=28.073198
sys_cpu_s=0.003993
checksum=8bbfe499113a182f
