renderer=render_floats_sse_threads_no-acel
bench_kind=render
frames=240
warmup=40
scene_center_x=-0.743643880
scene_center_y=0.131825909
scene_zoom=180.000
mean_ticks=39117946
min_ticks=35000036
max_ticks=51791532
mean_ns=10611236
min_ns=9494245
max_ns=14049305
mean_ms=10.611236
fps=94.239733
maxrss_kb=20416
minor_faults=8049
major_faults=0
voluntary_ctx_switches=1534
involuntary_ctx_switches=2431
user_cpu_s=24.395440
sys_cpu_s=0.389129
checksum=c17180012282322c
