renderer=render_floats_no-sse_no-threads_no-acel
bench_kind=render
frames=240
warmup=40
scene_center_x=-0.743643880
scene_center_y=0.131825909
scene_zoom=180.000
mean_ticks=394183724
min_ticks=386897014
max_ticks=466398278
mean_ns=106929386
min_ns=104952799
max_ns=126518960
mean_ms=106.929386
fps=9.351966
maxrss_kb=20160
minor_faults=1319
major_faults=0
voluntary_ctx_switches=0
involuntary_ctx_switches=674
user_cpu_s=29.924773
sys_cpu_s=0.002994
checksum=8bbfe499113a182f
