renderer=render_floats_arrays_no-threads_no-acel
bench_kind=render
frames=240
warmup=40
scene_center_x=-0.743643880
scene_center_y=0.131825909
scene_zoom=180.000
mean_ticks=210366143
min_ticks=208980880
max_ticks=236235140
mean_ns=57065507
min_ns=56689816
max_ns=64083032
mean_ms=57.065507
fps=17.523720
maxrss_kb=20416
minor_faults=1319
major_faults=0
voluntary_ctx_switches=0
involuntary_ctx_switches=256
user_cpu_s=15.949833
sys_cpu_s=0.001995
checksum=3409aab5468ab733
