renderer=render_floats_no-sse_no-threads_no-acel
bench_kind=render
frames=240
warmup=40
scene_center_x=-0.743643880
scene_center_y=0.131825909
scene_zoom=180.000
mean_ticks=392773996
min_ticks=386953828
max_ticks=502004850
mean_ns=106546978
min_ns=104968210
max_ns=136177860
mean_ms=106.546978
fps=9.385531
maxrss_kb=20160
minor_faults=1319
major_faults=0
voluntary_ctx_switches=0
involuntary_ctx_switches=888
user_cpu_s=29.753332
sys_cpu_s=0.003988
checksum=8bbfe499113a182f
