renderer=render_floats_arrays_no-threads_no-acel
bench_kind=render
frames=240
warmup=40
scene_center_x=-0.743643880
scene_center_y=0.131825909
scene_zoom=180.000
mean_ticks=396276485
min_ticks=395147530
max_ticks=422473430
mean_ns=107497080
min_ns=107190904
max_ns=114603547
mean_ms=107.497080
fps=9.302578
maxrss_kb=20416
minor_faults=1319
major_faults=0
voluntary_ctx_switches=0
involuntary_ctx_switches=459
user_cpu_s=30.094947
sys_cpu_s=0.000999
checksum=3409aab5468ab733
