renderer=render_floats_sse_no-threads_no-acel
bench_kind=render
frames=240
warmup=40
scene_center_x=-0.743643880
scene_center_y=0.131825909
scene_zoom=180.000
mean_ticks=179994935
min_ticks=178411290
max_ticks=199904558
mean_ns=48826790
min_ns=48397271
max_ns=54227556
mean_ms=48.826790
fps=20.480560
maxrss_kb=20416
minor_faults=1319
major_faults=0
voluntary_ctx_switches=0
involuntary_ctx_switches=204
user_cpu_s=13.655413
sys_cpu_s=0.001997
checksum=c17180012282322c
