renderer=render_floats_sse_no-threads_no-acel
bench_kind=render
frames=240
warmup=40
scene_center_x=-0.743643880
scene_center_y=0.131825909
scene_zoom=180.000
mean_ticks=180817685
min_ticks=179939870
max_ticks=194306838
mean_ns=49049962
min_ns=48811927
max_ns=52709225
mean_ms=49.049962
fps=20.387376
maxrss_kb=20416
minor_faults=1319
major_faults=0
voluntary_ctx_switches=0
involuntary_ctx_switches=212
user_cpu_s=13.719641
sys_cpu_s=0.001998
checksum=c17180012282322c
