renderer=render_floats_no-sse_no-threads_no-acel
bench_kind=render
frames=240
warmup=40
scene_center_x=-0.743643880
scene_center_y=0.131825909
scene_zoom=180.000
mean_ticks=365824678
min_ticks=361057066
max_ticks=373100722
mean_ns=99236453
min_ns=97943244
max_ns=101210035
mean_ms=99.236453
fps=10.076942
maxrss_kb=20416
minor_faults=1319
major_faults=0
voluntary_ctx_switches=0
involuntary_ctx_switches=395
user_cpu_s=27.764604
sys_cpu_s=0.003986
checksum=8bbfe499113a182f
